	1. [2 || 4 6 9 3 1]	
	INSERTION 
    2 c 4
    [2 4 || 6 9 3 1]	
    4 c 6
    [2 4 6 || 9 3 1]
    6 c 9
    [2 4 6 9 || 3 1]
    9 c 3
    9 s 3
    [2 4 6 3 || 9 1]
    6 c 3
    6 s 3
    [2 4 3 6 || 9 1]
    4 c 3
    4 s 3
    [2 3 4 6 || 9 1]
    3 c 2
    [2 3 4 6 9 || 1]
    9 c 1
    9 s 1 
    [2 3 4 6 1 || 9]
    6 c 1
    6 s 1
    [2 3 4 1 6 || 9]
    4 c 1
    4 s 1
    [2 3 1 4 6 || 9]
    3 c 1
    3 s 1
    [2 1 3 4 6 || 9]
    2 c 1
    2 s 1
    [1 2 3 4 6 9 ||]
    DONE
    12 Compare
    8 Swap

    2. [2 3 6 9 8]
	3. [9 8 7 6 1]
	4. [1 2 6 5 9]
